        CYRANO
        ======

 SHOT number   =           0
 N.flux surf.  =           0
 instant(s)    =   0.0000000000000000     

 Rgeo(m)       =   0.0000000000000000     
 Zgeo(m)       =   0.0000000000000000     
 Raxis(m)      =   8.5000000000000000     
 Zaxis(m)      =   0.0000000000000000     
 r_p(m)        =   2.8300000000000001     
 r_wall(m)     =   3.2000000000000002     
 ShafShift(m)  =  0.20000000000000001     

 Ip(MA)        =   15.000000000000000     
 Bo(T)         =   5.7400000000000002     
 P_icrh(MW)    =  0.81999999999999995     
 f_icrh(MHz)   =   52.000000000000000     
 ne_0(1e19/m3) =   10.000000000000000     
 ne_b(1e19/m3) =  0.50000000000000000     
 Te_0(keV)     =   50.000000000000000     
 Te_b(keV)     =   5.0000000000000003E-002

